174 Q0 6529581 1 16.721500 Anserini 0.0
174 Q0 6920608 2 11.654800 Anserini 0.0
174 Q0 3282543 3 10.285000 Anserini 0.0
174 Q0 544321 4 10.236300 Anserini 0.0
174 Q0 8477434 5 10.219600 Anserini 0.0
174 Q0 5617691 6 10.199600 Anserini 0.0
174 Q0 5454691 7 10.151300 Anserini 0.0
174 Q0 5617689 8 10.147900 Anserini 0.0
174 Q0 5996798 9 10.125400 Anserini -0.6931471805599453
174 Q0 7767731 10 10.112300 Anserini 0.0
174 Q0 8467798 11 9.938700 Anserini 0.0
174 Q0 5554244 12 9.923700 Anserini 0.0
174 Q0 3282546 13 9.873800 Anserini 0.0
174 Q0 4341526 14 9.873600 Anserini 0.0
174 Q0 5454689 15 9.868500 Anserini 0.0
174 Q0 4115517 16 9.855200 Anserini 0.0
174 Q0 8067024 17 9.831700 Anserini 0.0
174 Q0 6098514 18 9.818400 Anserini 0.0
174 Q0 8296299 19 9.818399 Anserini 0.0
174 Q0 8463584 20 9.770900 Anserini 0.0
174 Q0 3951267 21 9.763300 Anserini 0.0
174 Q0 738709 22 9.701800 Anserini 0.0
174 Q0 3503209 23 9.686100 Anserini 0.0
174 Q0 6565613 24 9.672400 Anserini 0.0
174 Q0 1103530 25 9.605700 Anserini 0.0
174 Q0 8474257 26 9.603500 Anserini 0.0
174 Q0 5768699 27 9.554000 Anserini 0.0
174 Q0 5908067 28 9.538100 Anserini 0.0
174 Q0 4038127 29 9.537500 Anserini 0.0
174 Q0 2723782 30 9.534100 Anserini 0.0
174 Q0 3294849 31 9.531700 Anserini 0.0
174 Q0 6190203 32 9.520400 Anserini 0.0
174 Q0 1817269 33 9.513000 Anserini 0.0
174 Q0 7300029 34 9.510100 Anserini 0.0
174 Q0 6379151 35 9.504400 Anserini 0.0
174 Q0 7736143 36 9.494600 Anserini 0.0
174 Q0 6324031 37 9.492500 Anserini 0.0
174 Q0 7299521 38 9.468000 Anserini 0.0
174 Q0 3749991 39 9.464800 Anserini 0.0
174 Q0 5742309 40 9.442700 Anserini 0.0
174 Q0 5527857 41 9.400800 Anserini 0.0
174 Q0 6482921 42 9.400500 Anserini 0.0
174 Q0 7046212 43 9.331900 Anserini 0.0
174 Q0 3503200 44 9.315100 Anserini 0.0
174 Q0 5837020 45 9.276200 Anserini 0.0
174 Q0 6220357 46 9.253900 Anserini -1.0986122886681098
174 Q0 1543021 47 9.253799 Anserini 0.0
174 Q0 6313787 48 9.251900 Anserini 0.0
174 Q0 7529382 49 9.240500 Anserini 0.0
174 Q0 5340643 50 9.235700 Anserini 0.0
174 Q0 4086943 51 9.233100 Anserini 0.0
174 Q0 3764915 52 9.206900 Anserini 0.0
174 Q0 1005615 53 9.204100 Anserini 0.0
174 Q0 6321022 54 9.203400 Anserini 0.0
174 Q0 6873693 55 9.203399 Anserini 0.0
174 Q0 8762253 56 9.183600 Anserini 0.0
174 Q0 6371110 57 9.172000 Anserini 0.0
174 Q0 2612367 58 9.159400 Anserini 0.6931471805599453
174 Q0 6267751 59 9.147600 Anserini 0.0
174 Q0 8079824 60 9.145600 Anserini 0.0
174 Q0 8302614 61 9.128400 Anserini 0.0
174 Q0 1420287 62 9.125100 Anserini -1.0986122886681098
174 Q0 8293434 63 9.116100 Anserini -0.6931471805599453
174 Q0 8596354 64 9.111800 Anserini 0.0
174 Q0 7437106 65 9.111400 Anserini 0.0
174 Q0 4341524 66 9.106400 Anserini 0.0
174 Q0 408358 67 9.073700 Anserini 0.0
174 Q0 5707885 68 9.067500 Anserini 0.0
174 Q0 8534896 69 9.057400 Anserini 0.0
174 Q0 6334997 70 9.050200 Anserini 0.0
174 Q0 7366231 71 9.036900 Anserini 0.0
174 Q0 6546370 72 9.021300 Anserini 0.0
174 Q0 2145898 73 9.019600 Anserini 0.0
174 Q0 6432486 74 9.019599 Anserini 0.0
174 Q0 6465313 75 9.019598 Anserini 0.0
174 Q0 7544549 76 8.991500 Anserini 0.0
174 Q0 1766233 77 8.980600 Anserini 0.0
174 Q0 4467784 78 8.975200 Anserini 0.0
174 Q0 4467785 79 8.975199 Anserini 0.0
174 Q0 4423816 80 8.970700 Anserini 0.0
174 Q0 5716723 81 8.968300 Anserini -0.6931471805599453
174 Q0 6767992 82 8.940000 Anserini 0.0
174 Q0 6693564 83 8.936400 Anserini 0.0
174 Q0 7956712 84 8.936399 Anserini 0.0
174 Q0 6546372 85 8.931700 Anserini 0.0
174 Q0 4607421 86 8.928800 Anserini -0.6931471805599453
174 Q0 5503602 87 8.928799 Anserini 0.0
174 Q0 5772811 88 8.922200 Anserini 0.0
174 Q0 2012199 89 8.904900 Anserini 0.0
174 Q0 2012201 90 8.904899 Anserini 0.0
174 Q0 8079826 91 8.903000 Anserini 0.0
174 Q0 7577395 92 8.894200 Anserini 0.0
174 Q0 5448629 93 8.887900 Anserini 0.0
174 Q0 6371105 94 8.884100 Anserini 0.0
174 Q0 7982360 95 8.884099 Anserini 0.0
174 Q0 1932205 96 8.884098 Anserini -1.3862943611198906
174 Q0 4751478 97 8.882100 Anserini 0.0
174 Q0 5795377 98 8.882099 Anserini 0.0
174 Q0 8194136 99 8.882098 Anserini 0.0
174 Q0 7528145 100 8.859500 Anserini 0.0
